Scatterer_atmosphere
{
	Atmo
	{
		name = Barnardb
		experimentalAtmoScale = 1
		cloudColorMultiplier = 0.400000006
		cloudScatteringMultiplier = 0.0199999996
		cloudSkyIrradianceMultiplier = 0.5
		volumetricsColorMultiplier = 1
		Rg:NEEDS[RealSolarSystem] = 10515446
		Rt:NEEDS[RealSolarSystem] = 10663332
		RL:NEEDS[RealSolarSystem] = 10665808
		atmosphereGlobalScale = 1
		EVEIntegration_preserveCloudColors = True
		HR = 8
		HM = 1.33299994
		BETA_MSca = 0.00400000019,0.00400000019,0.00400000019
		m_betaR = 0.00579999993,0.0135000004,0.0331000015
		m_mieG = 0.75999999
		rimBlend = 20
		rimpower = 600
		specR = 85
		specG = 85
		specB = 85
		shininess = 50
		assetPath = REXVE/REXVE_scatterer/Planets/Barnardb/Atmo
		// Stock
		Rg:NEEDS[!RealSolarSystem] = 1051544.6
		Rt:NEEDS[!RealSolarSystem] = 1066333.2
		RL:NEEDS[!RealSolarSystem] = 1066580.8
		configPoints
		{
			Item
			{
				altitude = 1333
				skyExposure = 0.0990519971
				skyAlpha = 1
				skyExtinctionTint = 1
				scatteringExposure = 0.0294310004
				extinctionThickness = 1
				postProcessAlpha = 0.949999988
				postProcessDepth = 0.0803790018
				extinctionTint = 0.5
				openglThreshold = 10
				viewdirOffset = 0.0120289996
			}
			Item
			{
				altitude = 8000
				skyExposure = 0.0944489986
				skyAlpha = 1
				skyExtinctionTint = 1
				scatteringExposure = 0.0266689993
				extinctionThickness = 1
				postProcessAlpha = 0.949999988
				postProcessDepth = 0.082220003
				extinctionTint = 0.5
				openglThreshold = 10
				viewdirOffset = 0.00773600023
			}
			Item
			{
				altitude = 140000
				skyExposure = 0.00999999978
				skyAlpha = 1
				skyExtinctionTint = 1
				scatteringExposure = 0.0199999996
				extinctionThickness = 1
				postProcessAlpha = 0.949999988
				postProcessDepth = 0.100000001
				extinctionTint = 0.5
				openglThreshold = 10
				viewdirOffset = 0
			}
		}
	}
}
