Scatterer_atmosphere
{
	Atmo
	{
		name = TRAPPIST1b
		experimentalAtmoScale = 1
		cloudColorMultiplier = 3
		cloudScatteringMultiplier = 0.300000012
		cloudSkyIrradianceMultiplier = 0.100000001
		volumetricsColorMultiplier = 2
		Rg = 7138706
		Rt = 7401706
		RL = 7401706
		atmosphereGlobalScale = 1
		EVEIntegration_preserveCloudColors = True
		HR = 38.230999
		HM = 1.20000005
		BETA_MSca = 0.00400000019,0.00400000019,0.00400000019
		m_betaR = 0.00579999993,0.0135000004,0.0331000015
		m_mieG = 0.75999999
		rimBlend = 20
		rimpower = 600
		specR = 85
		specG = 85
		specB = 85
		shininess = 50
		assetPath = RealExoplanets/Visuals/REXVE_scatterer/Planets/TRAPPIST1b/Atmo
		configPoints
		{
			Item
			{
				altitude = 1333
				skyExposure = 0.149051994
				skyAlpha = 1
				skyExtinctionTint = 1
				scatteringExposure = 0.0994310006
				extinctionThickness = 1
				postProcessAlpha = 0.949999988
				postProcessDepth = 0.0803790018
				extinctionTint = 0.5
				openglThreshold = 10
				viewdirOffset = 0.0120289996
			}
			Item
			{
				altitude = 8000
				skyExposure = 0.144448996
				skyAlpha = 1
				skyExtinctionTint = 1
				scatteringExposure = 0.0966690034
				extinctionThickness = 1
				postProcessAlpha = 0.949999988
				postProcessDepth = 0.082220003
				extinctionTint = 0.5
				openglThreshold = 10
				viewdirOffset = 0.00773600023
			}
			Item
			{
				altitude = 140000
				skyExposure = 0.5
				skyAlpha = 1
				skyExtinctionTint = 1
				scatteringExposure = 0.5
				extinctionThickness = 1.20000005
				postProcessAlpha = 0.949999988
				postProcessDepth = 0.100000001
				extinctionTint = 0.5
				openglThreshold = 10
				viewdirOffset = 0
			}
		}
	}
}
