Scatterer_atmosphere
{
	Atmo
	{
		name = TauCetih
		experimentalAtmoScale = 1.10000002
		cloudColorMultiplier = 1
		cloudScatteringMultiplier = 0.0199999996
		cloudSkyIrradianceMultiplier = 0.5
		volumetricsColorMultiplier = 1
		Rg:NEEDS[RealSolarSystem] = 8983110
		Rt:NEEDS[RealSolarSystem] = 9109446
		RL:NEEDS[RealSolarSystem] = 9111561
		atmosphereGlobalScale = 1
		EVEIntegration_preserveCloudColors = False
		HR = 8
		HM = 1.33299994
		BETA_MSca = 0.00400000019,0.00400000019,0.00400000019
		m_betaR = 0.00579999993,0.0135000004,0.0331000015
		m_mieG = 0.75999999
		rimBlend = 20
		rimpower = 600
		specR = 85
		specG = 85
		specB = 85
		shininess = 50
		assetPath = REXVE/REXVE_scatterer/Planets/TauCetih/Atmo
		// Stock
		Rg:NEEDS[!RealSolarSystem] = 8983110
		Rt:NEEDS[!RealSolarSystem] = 9109446
		RL:NEEDS[!RealSolarSystem] = 9111561
		configPoints
		{
			Item
			{
				altitude = 1333
				skyExposure = 0.149051994
				skyAlpha = 1
				skyExtinctionTint = 1
				scatteringExposure = 0.129430994
				extinctionThickness = 0.100000001
				postProcessAlpha = 0.949999988
				postProcessDepth = 0.0803790018
				extinctionTint = 0.100000001
				openglThreshold = 10
				viewdirOffset = 0.0120289996
			}
			Item
			{
				altitude = 8000
				skyExposure = 0.144448996
				skyAlpha = 1
				skyExtinctionTint = 1
				scatteringExposure = 0.126669005
				extinctionThickness = 0.100000001
				postProcessAlpha = 0.949999988
				postProcessDepth = 0.082220003
				extinctionTint = 0.100000001
				openglThreshold = 10
				viewdirOffset = 0.00773600023
			}
			Item
			{
				altitude = 140000
				skyExposure = 0.100000001
				skyAlpha = 1
				skyExtinctionTint = 1
				scatteringExposure = 0.100000001
				extinctionThickness = 0.100000001
				postProcessAlpha = 0.949999988
				postProcessDepth = 0.100000001
				extinctionTint = 0.100000001
				openglThreshold = 10
				viewdirOffset = 0
			}
		}
	}
}
